0 Slope 33 3 x 4
0 Name: 3297.dat
0 Author: Generated
0 !LICENSE Redistributable under CCAL version 2.0 : see CAlicense.txt

4 16 -40.0 0 -10 40.0 0 -10 40.0 0 10 -40.0 0 10
4 16 -40.0 0 10 40.0 0 10 40.0 24 50 -40.0 24 50
4 16 40.0 0 -10 -40.0 0 -10 -40.0 24 -10 40.0 24 -10
4 16 -40.0 24 -10 40.0 24 -10 40.0 24 50 -40.0 24 50
4 16 -40.0 0 -10 -40.0 0 10 -40.0 24 10 -40.0 24 -10
3 16 -40.0 0 10 -40.0 24 50 -40.0 24 10
4 16 40.0 0 10 40.0 0 -10 40.0 24 -10 40.0 24 10
3 16 40.0 0 10 40.0 24 10 40.0 24 50
1 16 -30 0 0 1 0 0 0 1 0 0 0 1 stud.dat
1 16 -10 0 0 1 0 0 0 1 0 0 0 1 stud.dat
1 16 10 0 0 1 0 0 0 1 0 0 0 1 stud.dat
1 16 30 0 0 1 0 0 0 1 0 0 0 1 stud.dat