0 Slope 33 3 x 3 Corner
0 Name: 3675.dat
0 Author: Generated
0 !LICENSE Redistributable under CCAL version 2.0 : see CAlicense.txt

4 16 -30 0 -30 30 0 -30 30 0 30 -30 0 30
4 16 -30 0 30 30 0 30 30 24 30 -30 24 30
4 16 30 0 -30 -30 0 -30 -30 24 -30 30 24 -30
4 16 -30 24 -30 30 24 -30 30 24 30 -30 24 30
4 16 -30 0 -30 -30 0 30 -30 24 30 -30 24 -30
3 16 -30 0 30 -30 24 30 -30 24 -30
4 16 30 0 30 30 0 -30 30 24 -30 30 24 30
3 16 30 0 30 30 24 30 30 24 -30
1 16 -10 0 -10 1 0 0 0 1 0 0 0 1 stud.dat
1 16 10 0 -10 1 0 0 0 1 0 0 0 1 stud.dat
1 16 -10 0 10 1 0 0 0 1 0 0 0 1 stud.dat