0 Slope 45 2 x 2 Double
0 Name: 3043.dat
0 Author: Generated
0 !LICENSE Redistributable under CCAL version 2.0 : see CAlicense.txt

4 16 -20 0 -20 20 0 -20 20 0 20 -20 0 20
4 16 -20 24 0 20 24 0 20 24 20 -20 24 20
4 16 -20 24 -20 20 24 -20 20 24 0 -20 24 0
4 16 -20 0 -20 -20 0 20 -20 24 20 -20 24 -20
4 16 20 0 20 20 0 -20 20 24 -20 20 24 20
3 16 -20 0 20 -20 24 20 -20 24 0
3 16 -20 0 -20 -20 24 0 -20 24 -20
3 16 20 0 20 20 24 0 20 24 20
3 16 20 0 -20 20 24 -20 20 24 0
1 16 0 0 0 1 0 0 0 1 0 0 0 1 stud.dat