0 !BRICKHUB_INLINED OFFICIAL
0 ~Minifig Hips without Decorated Surface
0 Name: s\3815s01.dat
0 Author: Steve Bliss [sbliss]
0 !LDRAW_ORG Subpart UPDATE 2010-02
0 !LICENSE Redistributable under CCAL version 2.0 : see CAreadme.txt
0 BFC CERTIFY CW
2 24 -18 0 -10 18 0 -10
2 24 18 0 -10 18 0 10
2 24 18 0 -10 18 6 -10
2 24 18 0 10 18 6 10
2 24 18 0 10 -18 0 10
2 24 -18 0 10 -18 0 -10
2 24 -18 0 -10 -18 6 -10
2 24 -18 6 -10 18 6 -10
2 24 -18 0 10 -18 6 10
2 24 -18 6 10 18 6 10
4 16 -18 0 10 -18 6 10 18 6 10 18 0 10
1 16 0 0 0 18 0 0 0 1 0 0 0 10 rect.dat
2 24 6.54 0 -6 5.52 0 -4.48
2 24 5.52 0 -4.48 4 0 -3.46
2 24 4 0 3.46 5.52 0 4.48
2 24 5.52 0 4.48 6.54 0 6
2 24 13.46 0 6 14.48 0 4.48
2 24 14.48 0 4.48 16 0 3.46
2 24 16 0 -3.46 14.48 0 -4.48
2 24 14.48 0 -4.48 13.46 0 -6
2 24 16 -4 3.46 14.48 -11 4.48
2 24 16 -4 -3.46 14.48 -11 -4.48
2 24 14.48 -11 -4.48 13.46 -11 -6
2 24 6.54 -11 -6 5.52 -11 -4.48
2 24 5.52 -11 -4.48 4 -11 -3.46
2 24 4 -11 3.46 5.52 -11 4.48
2 24 5.52 -11 4.48 6.54 -11 6
2 24 13.46 -11 6 14.48 -11 4.48
2 24 14.48 -11 4.48 14.48 -11 -4.48
2 24 16 -4 -3.46 16 -4 3.46
1 16 10 -5.5 6 3.46 0 0 0 0 5.5 0 -1 0 rect.dat
1 16 4 -5.5 0 0 1 0 0 0 5.5 3.46 0 0 rect.dat
1 16 10 -5.5 -6 3.46 0 0 0 0 -5.5 0 1 0 rect.dat
1 16 16 -2 0 0 -1 0 0 0 2 -3.46 0 0 rect.dat
1 16 12.8 -5.5 0 0 1 0 0 0 5.5 2.8 0 0 rect.dat
4 16 14.48 0 -4.48 13.46 0 -6 13.46 -11 -6 14.48 -11 -4.48
4 16 6.54 0 -6 5.52 0 -4.48 5.52 -11 -4.48 6.54 -11 -6
4 16 5.52 0 -4.48 4 0 -3.46 4 -11 -3.46 5.52 -11 -4.48
4 16 4 0 3.46 5.52 0 4.48 5.52 -11 4.48 4 -11 3.46
4 16 5.52 0 4.48 6.54 0 6 6.54 -11 6 5.52 -11 4.48
4 16 13.46 0 6 14.48 0 4.48 14.48 -11 4.48 13.46 -11 6
4 16 14.48 0 4.48 16 0 3.46 16 -4 3.46 14.48 -11 4.48
4 16 14.48 -11 4.48 16 -4 3.46 16 -4 -3.46 14.48 -11 -4.48
4 16 16 0 -3.46 14.48 0 -4.48 14.48 -11 -4.48 16 -4 -3.46
4 16 14.48 -11 -4.48 12.8 -11 -2.8 12.8 -11 2.8 14.48 -11 4.48
4 16 12.8 -11 2.8 11.52 -11 3.68 13.46 -11 6 14.48 -11 4.48
4 16 11.52 -11 3.68 10 -11 4 10 -11 6 13.46 -11 6
4 16 10 -11 4 8.48 -11 3.68 6.54 -11 6 10 -11 6
4 16 8.48 -11 3.68 7.2 -11 2.8 5.52 -11 4.48 6.54 -11 6
4 16 7.2 -11 2.8 6.32 -11 1.52 4 -11 3.46 5.52 -11 4.48
4 16 6.32 -11 1.52 6 -11 0 4 -11 0 4 -11 3.46
4 16 6 -11 0 6.32 -11 -1.52 4 -11 -3.46 4 -11 0
4 16 6.32 -11 -1.52 7.2 -11 -2.8 5.52 -11 -4.48 4 -11 -3.46
4 16 7.2 -11 -2.8 8.48 -11 -3.68 6.54 -11 -6 5.52 -11 -4.48
4 16 8.48 -11 -3.68 10 -11 -4 10 -11 -6 6.54 -11 -6
4 16 10 -11 -4 11.52 -11 -3.68 13.46 -11 -6 10 -11 -6
4 16 11.52 -11 -3.68 12.8 -11 -2.8 14.48 -11 -4.48 13.46 -11 -6
0 BFC INVERTNEXT
1 16 10 -11 0 2.8 0 -2.8 0 11 0 -2.8 0 -2.8 3-4cyli.dat
1 16 10 -11 0 2.8 0 -2.8 0 1 0 2.8 0 2.8 3-4edge.dat
1 16 10 0 0 2.8 0 -2.8 0 1 0 2.8 0 2.8 3-4edge.dat
2 24 -6.54 0 -6 -5.52 0 -4.48
2 24 -5.52 0 -4.48 -4 0 -3.46
2 24 -4 0 3.46 -5.52 0 4.48
2 24 -5.52 0 4.48 -6.54 0 6
2 24 -13.46 0 6 -14.48 0 4.48
2 24 -14.48 0 4.48 -16 0 3.46
2 24 -16 0 -3.46 -14.48 0 -4.48
2 24 -14.48 0 -4.48 -13.46 0 -6
2 24 -16 -4 3.46 -14.48 -11 4.48
2 24 -16 -4 -3.46 -14.48 -11 -4.48
2 24 -14.48 -11 -4.48 -13.46 -11 -6
2 24 -5.52 -11 -4.48 -6.54 -11 -6
2 24 -4 -11 -3.46 -5.52 -11 -4.48
2 24 -4 -11 3.46 -5.52 -11 4.48
2 24 -5.52 -11 4.48 -6.54 -11 6
2 24 -13.46 -11 6 -14.48 -11 4.48
2 24 -14.48 -11 4.48 -14.48 -11 -4.48
1 16 -10 -5.5 6 3.46 0 0 0 0 5.5 0 -1 0 rect.dat
1 16 -4 -5.5 0 0 -1 0 0 0 5.5 -3.46 0 0 rect.dat
1 16 -10 -5.5 -6 3.46 0 0 0 0 -5.5 0 1 0 rect.dat
1 16 -16 -2 0 0 1 0 0 0 2 3.46 0 0 rect.dat
1 16 -12.8 -5.5 0 0 -1 0 0 0 5.5 -2.8 0 0 rect.dat
4 16 -13.46 -11 -6 -13.46 0 -6 -14.48 0 -4.48 -14.48 -11 -4.48
4 16 -5.52 -11 -4.48 -5.52 0 -4.48 -6.54 0 -6 -6.54 -11 -6
4 16 -4 -11 -3.46 -4 0 -3.46 -5.52 0 -4.48 -5.52 -11 -4.48
4 16 -5.52 -11 4.48 -5.52 0 4.48 -4 0 3.46 -4 -11 3.46
4 16 -6.54 -11 6 -6.54 0 6 -5.52 0 4.48 -5.52 -11 4.48
4 16 -14.48 -11 4.48 -14.48 0 4.48 -13.46 0 6 -13.46 -11 6
4 16 -16 -4 3.46 -16 0 3.46 -14.48 0 4.48 -14.48 -11 4.48
4 16 -16 -4 -3.46 -16 -4 3.46 -14.48 -11 4.48 -14.48 -11 -4.48
4 16 -14.48 -11 -4.48 -14.48 0 -4.48 -16 0 -3.46 -16 -4 -3.46
4 16 -12.8 -11 2.8 -12.8 -11 -2.8 -14.48 -11 -4.48 -14.48 -11 4.48
4 16 -13.46 -11 6 -11.52 -11 3.68 -12.8 -11 2.8 -14.48 -11 4.48
4 16 -10 -11 6 -10 -11 4 -11.52 -11 3.68 -13.46 -11 6
4 16 -6.54 -11 6 -8.48 -11 3.68 -10 -11 4 -10 -11 6
4 16 -5.52 -11 4.48 -7.2 -11 2.8 -8.48 -11 3.68 -6.54 -11 6
4 16 -4 -11 3.46 -6.32 -11 1.52 -7.2 -11 2.8 -5.52 -11 4.48
4 16 -4 -11 0 -6 -11 0 -6.32 -11 1.52 -4 -11 3.46
4 16 -4 -11 -3.46 -6.32 -11 -1.52 -6 -11 0 -4 -11 0
4 16 -5.52 -11 -4.48 -7.2 -11 -2.8 -6.32 -11 -1.52 -4 -11 -3.46
4 16 -6.54 -11 -6 -8.48 -11 -3.68 -7.2 -11 -2.8 -5.52 -11 -4.48
4 16 -10 -11 -6 -10 -11 -4 -8.48 -11 -3.68 -6.54 -11 -6
4 16 -13.46 -11 -6 -11.52 -11 -3.68 -10 -11 -4 -10 -11 -6
4 16 -14.48 -11 -4.48 -12.8 -11 -2.8 -11.52 -11 -3.68 -13.46 -11 -6
0 BFC INVERTNEXT
1 16 -10 -11 0 -2.8 0 2.8 0 11 0 2.8 0 2.8 3-4cyli.dat
1 16 -10 -11 0 -2.8 0 2.8 0 1 0 2.8 0 2.8 3-4edge.dat
1 16 -10 0 0 -2.8 0 2.8 0 1 0 2.8 0 2.8 3-4edge.dat
1 16 -2 12 0 0 4 0 8.3149 0 3.4441 -3.4441 0 8.3149 7-16cyli.dat
0 BFC INVERTNEXT
1 16 -18 12 0 0 36 0 -6.364 0 -6.364 6.364 0 -6.364 1-4cyli.dat
1 16 -18 12 0 0 36 0 -6.364 0 -6.364 6.364 0 -6.364 1-4edge.dat
1 16 18 12 0 0 36 0 -6.364 0 -6.364 6.364 0 -6.364 1-4edge.dat
1 16 -2 12 0 0 1 0 9 0 0 0 0 9 4-4edge.dat
1 16 2 12 0 0 1 0 9 0 0 0 0 9 4-4edge.dat
1 16 -2 12 0 0 1 0 9 0 0 0 0 -9 4-4disc.dat
1 16 2 12 0 0 -1 0 9 0 0 0 0 9 4-4disc.dat
1 16 -9.92 12 0 0 19.84 0 3 0 0 0 0 3 4-4cylc.dat
1 16 9.92 12 0 0 -1 0 3 0 0 0 0 3 4-4disc.dat
1 16 -2 12 0 0 1 0 3 0 0 0 0 3 4-4edge.dat
1 16 2 12 0 0 1 0 3 0 0 0 0 3 4-4edge.dat
2 24 -18 6 -6.607 -18 6 -10
2 24 18 6 -6.607 18 6 -10
4 16 18 6 -6.607 -18 6 -6.607 -18 6 -10 18 6 -10
4 16 18 5.636 -6.364 -18 5.636 -6.364 -18 6 -6.607 18 6 -6.607
2 24 18 6 -6.607 -18 6 -6.607
2 24 -18 6 -6.607 -18 5.636 -6.364
2 24 18 5.636 -6.364 18 6 -6.607
2 24 18 6 6.607 18 6 10
2 24 -18 6 6.607 -18 6 10
4 16 -18 6 6.607 18 6 6.607 18 6 10 -18 6 10
4 16 -18 5.636 6.364 18 5.636 6.364 18 6 6.607 -18 6 6.607
2 24 -18 6 6.607 18 6 6.607
2 24 18 6 6.607 18 5.636 6.364
2 24 -18 5.636 6.364 -18 6 6.607
3 16 18 6 -6.607 18 6 -10 18 5.636 -6.364
4 16 18 3.685 -3.444 18 5.636 -6.364 18 6 -10 18 0 -10
3 16 18 3.685 -3.444 18 0 -10 18 3 0
4 16 18 3.685 3.444 18 3 0 18 0 -10 18 0 10
4 16 18 5.636 6.364 18 3.685 3.444 18 0 10 18 6 10
3 16 18 5.636 6.364 18 6 10 18 6 6.607
3 16 -18 6 6.607 -18 6 10 -18 5.636 6.364
4 16 -18 3.685 3.444 -18 5.636 6.364 -18 6 10 -18 0 10
3 16 -18 3.685 3.444 -18 0 10 -18 3 0
4 16 -18 3.685 -3.444 -18 3 0 -18 0 10 -18 0 -10
4 16 -18 5.636 -6.364 -18 3.685 -3.444 -18 0 -10 -18 6 -10
3 16 -18 5.636 -6.364 -18 6 -10 -18 6 -6.607
5 24 5.52 0 -4.48 5.52 -11 -4.48 6.54 -11 -6 4 0 -3.46
5 24 14.48 -11 -4.48 14.48 0 -4.48 13.46 0 -6 16 -4 -3.46
5 24 -5.52 0 -4.48 -5.52 -11 -4.48 -6.54 -11 -6 -4 0 -3.46
5 24 -14.48 -11 -4.48 -14.48 0 -4.48 -13.46 0 -6 -16 -4 -3.46
5 24 5.52 0 4.48 5.52 -11 4.48 6.54 -11 6 4 0 3.46
5 24 14.48 -11 4.48 14.48 0 4.48 13.46 0 6 16 -4 3.46
5 24 -5.52 0 4.48 -5.52 -11 4.48 -6.54 -11 6 -4 0 3.46
5 24 -14.48 -11 4.48 -14.48 0 4.48 -13.46 0 6 -16 -4 3.46